9.1562514306642865e-06
5.2064351538501591e-06
0.00037509377344336085
4.6510762590463435e-06
4.622716955663522e-06
4.7514515684541628e-06
1.2773512843767164e-05
4.4609002096623096e-06
1.0354432214709506e-05
4.0939646772727647e-06
1.9697447210841473e-05
1.4115521427361527e-05
6.7396344422278536e-06
8.744698526518298e-06
2.3592695701410845e-05
1.022526253361555e-05
3.0697445972495086e-05
4.3637633094780936e-06
8.8111937405279668e-06
1.4610484483665479e-05
6.7867468407693459e-06
6.081948169637698e-06
2.1879922982671102e-05
6.2355024567879679e-06
6.8954104148278908e-06
2.0420248718629393e-05
1.0748527451739111e-05
5.1679052412894955e-06
3.9816683986924201e-06
5.2051343445174317e-06
4.1783311745288929e-05
7.1833919977013147e-06
3.8979516264203158e-06
5.1872869970276849e-06
9.2562595455176556e-06
6.5202649835689323e-06
7.5697934960334282e-06
2.290058854512561e-05
2.5749304768771242e-05
1.8543586700539617e-05
5.3057997697282904e-06
4.9005194550622366e-05
2.0080321285140562e-05
4.5571996919333007e-06
1.1168317716302393e-05
1.1845393918574762e-05
0.0001621796951021732
8.3137959129379292e-06
1.123557632888779e-05
0.00014196479273140261
3.9429067108272217e-06
7.4693755602031671e-06
3.8973135817481012e-06
5.522848022268123e-06
5.1236070193416165e-06
9.1813874912776823e-06
0.0011037527593818985
0.00057142857142857147
4.0571572310713332e-06
5.7458715912616784e-06
4.3808347242483583e-06
2.3287224628568766e-05
4.9487801256990154e-06
6.575789259105824e-06
2.1326054040220939e-05
1.3311325275544433e-05
3.8337678270203954e-05
5.8459020226820997e-06
9.2023410755696254e-06
3.6023054755043229e-05
4.3077638828460535e-06
5.5981951418862557e-06
6.5988306872022277e-06
2.0999580008399833e-05
5.1789052830012793e-06
1.0172422562433243e-05
1.6398550368147457e-05
3.9729363575324883e-06
7.2855498404464587e-06
6.4004915577516356e-06
5.3774427033479958e-06
4.1775805959736479e-06
4.624790728219548e-06
1.156336725254394e-05
4.7262776310006004e-06
9.4768764215314631e-05
1.6420630880638433e-05
3.1841049480990894e-05
4.3686817939554918e-06
7.6412290152748161e-06
1.7629532993670998e-05
5.1746174664037959e-06
4.7570570941992443e-06
5.0455614196191611e-06
6.8722382192656328e-06
5.6960258827416111e-06
2.05279796362442e-05
1.480078148126221e-05
6.4808393983188705e-06
8.796157838256249e-06
7.3608432582036597e-06
4.1643762597238183e-06
3.9791809253983157e-06
2.9372888823615802e-05
9.1827364554637278e-05
3.8934290597758165e-06
2.3240680487124661e-05
1.265967008899748e-05
3.8795026477605575e-06
4.4123422036119432e-06
4.5838337351827577e-06
0.00040766408479412964
2.5384576331421029e-05
3.9530066568632101e-06
1.6649739431577897e-05
1.0907623337950894e-05
7.0755384484759292e-06
1.1155111829996095e-05
2.4300155520995334e-05
9.8822041268084429e-06
1.1782448864171929e-05
0.00029700029700029698
7.7345502359037817e-05
6.2648790878336048e-05
5.3601483689068511e-06
8.5701552912138761e-06
4.8555474629764505e-05
9.8290724304347394e-06
3.8353852644498139e-06
4.7738621499565577e-06
4.1438410091081628e-06
2.1253533399927737e-05
4.8358939391741261e-06
0.00032573289902280132
4.9387106014361767e-06
5.3551824778429323e-06
1.0372905969607385e-05
1.7713850459674419e-05
5.6205351873605401e-06
7.4429682557403892e-06
5.0110242533573867e-06
3.1395202813010174e-05
7.9344298715415804e-06
6.1344048093733705e-06
6.2000124000248006e-05
0.00027601435274634281
6.0927313714738316e-06
7.7566882044042479e-06
1.1710013232314953e-05
4.941395054651829e-06
6.2526573793862393e-06
3.9486985089714427e-06
9.0647038561250206e-06
4.1346917173855515e-06
4.0047897285153045e-06
6.9381808089918821e-06
1.8922550002838381e-05
1.0471642791321103e-05
4.9614987695483055e-06
5.754998215950553e-06
5.4607806732050412e-06
3.1952965235173827e-05
6.8540095956134341e-06
2.548874671832386e-05
4.7655356462066336e-05
7.7080796090462022e-06
2.3125664862864809e-05
4.2741435684824657e-06
3.9437152953054013e-06
1.1368287026510846e-05
1.6539313949257384e-05
1.8768064261852032e-05
2.3325247247620826e-05
2.3437866216659635e-05
1.3231888852133642e-05
2.540650406504065e-05
7.1021214036632742e-06
4.2105263157894738e-05
7.3413892845082005e-06
5.4830874168626871e-06
0.0011441647597254005
2.6031498112716386e-05
0.0011976047904191617
5.8001948865481881e-06
7.6898824216977717e-06
4.30581629665352e-06
2.0636001568336119e-05
4.5670442089879427e-06
6.2793165591856982e-06
4.0850841323077047e-06
4.7775341235374778e-06
4.4846468116403492e-06
3.9788326105120757e-05
1.4434180138568129e-05
7.551330166808883e-06
5.0860819367800013e-06
9.3925817389425835e-06
5.7693417181099634e-05
4.8259520396886296e-06
5.0763998172496069e-06
3.9953015254061227e-06
8.2771864187925245e-06
9.1540721890132823e-06
2.0966997945234203e-05
1.568086307470363e-05
4.1512034338754808e-06
4.3424075175758945e-06
2.0695792545375527e-05
0.00013984058173682003
1.0229341844145748e-05
1.154334526145677e-05
2.1678806798473812e-05
9.6629560915275208e-06
2.1448641228578169e-05
2.1432551759612501e-05
6.6732064089474354e-06
5.6103814498347743e-06
4.6324176587761153e-06
7.3604640036507899e-06
4.2701830200442389e-06
1.5323556904028564e-05
3.9728890054269668e-06
9.2308828416349748e-06
7.433065247446742e-06
5.5134694057582678e-06
9.136258154110402e-06
1.1738742545898484e-05
3.1750063500126997e-05
5.6341202321257534e-05
5.9258205780045392e-06
8.2837001631888933e-06
5.1302572310975674e-06
1.9556077050943581e-05
6.0729359608902925e-06
6.139715362795781e-06
6.6779747038318216e-06
1.889466225791214e-05
5.09201266892752e-06
2.8250981721614828e-05
7.184475784724368e-06
4.2671764520134671e-06
1.6355101974060809e-05
1.1549477963596045e-05
6.7175859683064292e-06
1.3050230336565441e-05
3.0429358244834618e-05
7.0870717636886789e-06
7.4749588877261174e-06
5.5015789531595566e-06
4.9452560159039435e-06
5.6851129631945784e-06
4.2790267781495779e-06
4.7779450058529826e-06
6.4432989690721651e-05
1.4675452370819331e-05
4.9081922637073541e-06
8.9363109121292556e-06
8.661758336942399e-05
1.0480971795704898e-05
4.7729507336025273e-06
7.3829616012167119e-06
7.1182483414481361e-06
6.6452689008060713e-06
3.5463508050216327e-05
6.0618919164671296e-06
5.0270707761294575e-06
5.6135623666778937e-05
2.442598925256473e-05
1.0276119326297617e-05
4.3331874493558715e-06
5.3836960149882096e-06
6.0092181406277227e-06
0.00010797969981643452
1.3875013875013875e-05
5.1118994796086326e-06
8.5898845519516221e-06
5.5615806012068629e-06
1.0346718538215605e-05
9.4941516026127903e-06
1.2415419951579862e-05
8.492713252029759e-06
6.2497656337887325e-06
1.4430847379358116e-05
1.2232415902140673e-05
5.1744032619438164e-06
7.7454534188431391e-06
7.9405412272900514e-06
7.5740362038930549e-05
1.4387868149576277e-05
8.5615705344988477e-06
0.00012995451591942819
1.7368046268475258e-05
1.1054731978023193e-05
2.8034763106251752e-05
4.141935857981303e-06
0.0018726591760299626
5.6418126015526265e-06
3.9343281937892694e-06
6.097635337016305e-06
4.741201515288004e-06
4.0847670865807229e-06
4.5879977977610569e-05
0.00012464165524118161
3.4347736484165694e-05
6.3318791117639979e-06
4.3739174554297812e-06
2.0295914432424751e-05
4.4205342657713611e-06
9.6101175317374123e-06
7.776714960066568e-06
2.0978434169673576e-05
1.3992472050037081e-05
1.0926215268293215e-05
1.8290898448931812e-05
4.232069778366506e-06
1.2709225626882554e-05
5.2587848000084139e-06
1.2098335269066976e-05
4.5075298285786402e-06
9.8246303482831456e-06
5.053567818880129e-05
6.1841389204967098e-06
1.2679896024852597e-05
1.035453943008615e-05
4.8646650191667804e-06
4.4101627791081766e-06
9.42951438000943e-05
9.0986843302458466e-06
2.0106564793405048e-05
2.3763693828568712e-05
4.6600493965236032e-05
2.6705122042407734e-05
4.6659636614750043e-06
1.2445395825814241e-05
1.6425215991590288e-05
1.1461186691270014e-05
8.9907036124647112e-06
1.8987221599863293e-05
0.00027525461051472613
2.5447882736156353e-05
3.3559299281830995e-05
4.0082570094394454e-06
7.4215908922236572e-06
0.00012099213551119177
4.8207175155950216e-06
3.8255547054322881e-06
1.1185807447510599e-05
9.7279103475782364e-06
1.1945147880930766e-05
4.402493572359384e-06
9.3466679128890551e-05
1.5805029160278801e-05
3.8293635597763651e-05
7.8712267306859767e-06
2.5685151413967585e-05
6.5953489599134687e-06
1.84945441094877e-05
1.4719736222326896e-05
6.6942021515165716e-06
7.1656336211529508e-06
1.062902574350035e-05
2.4084778420038536e-05
3.9015863850241507e-06
5.1463360660377848e-06
1.3426783748220952e-05
0.00010035122930255896
4.4549581456682216e-06
4.3774020994020466e-06
4.1564487302049126e-05
4.0587710041399465e-05
7.2301874787613246e-06
1.8399264029438823e-05
6.9424195720692577e-06
7.5657844961944103e-06
5.803594746586035e-06
3.9681437420389117e-06
9.3010277635678742e-06
3.8896884359562797e-06
7.2800867786344015e-06
0.00025068939583855601
4.9043889376603122e-06
7.3360574560019954e-06
2.5162296814453225e-05
6.4826879817447505e-06
7.1756086710055178e-06
1.1724566484154248e-05
6.4866407633478854e-06
5.0027515133323329e-06
4.8800007808001248e-06
4.2385453312423179e-06
2.3301332836238232e-05
8.3385449239107776e-06
9.2011556651515423e-06
8.6773166266063882e-06
0.00015525539512498059
1.0261356756590357e-05
5.7575164377094296e-06
0.00013945056477478735
4.3946578539127838e-06
9.8206744839235562e-06
1.0790280115671803e-05
5.6584769643402785e-06
4.6733339564445277e-06
7.0523353808613726e-06
5.7971350558553963e-06
6.4190208425606755e-06
0.00022386389075442132
1.1949287225017029e-05
8.1122080619123726e-06
8.7164199919808933e-06
8.3395880243515973e-05
1.1957717510881523e-05
1.2178784557301181e-05
9.7943192948090099e-06
4.7645593020873537e-06
1.2780859384985046e-05
3.0405302684788229e-05
1.0046111652484906e-05
6.7472285758624646e-06
6.127713811254159e-06
6.7254018427601056e-05
6.6894106629205967e-06
3.473307630856865e-05
7.8463373297344791e-06
4.0063300014022152e-06
3.2137806916056048e-05
3.9567918331816565e-05
6.2048981465969239e-06
2.1909164603553667e-05
0.00011469205184080744
4.0578486909380125e-06
7.4482347683598989e-05
1.2351168420532582e-05
4.5684838572622903e-06
1.7620524386805751e-05
7.2650131496738012e-06
3.954757573360753e-05
8.2847295864262998e-06
7.6406451760786687e-06
8.1319986012962402e-06
6.4775229952066329e-05
9.0105513556374512e-06
1.7335228651665916e-05
4.2243465991897706e-06
1.7173868242082847e-05
1.1576351828484771e-05
5.1193840357128234e-06
4.8621105449453495e-06
2.3528304550374102e-05
9.9548051844625394e-06
6.486051745720827e-06
7.0216336532857735e-06
1.5783326493891853e-05
3.8175224279442643e-06
3.8384032242587086e-06
5.5604982206405698e-06
3.8507451191805613e-06
8.0893059375505583e-06
4.1291089795732978e-06
2.114343707713126e-05
4.238150132230284e-06
1.8298596497648631e-05
6.8895196626891174e-06
6.6414292355714947e-06
4.0980415459451929e-06
6.9212294872061075e-06
5.9617494157485571e-06
1.7835485481914819e-05
2.3932605782117557e-05
5.6701878533235804e-06
5.2088487923284073e-06
8.3756302661775307e-06
4.4916365727016292e-06
5.0257317465422965e-06
0.00026392187912377939
5.8632800361178048e-06
1.957062058437873e-05
5.2102328974105143e-05
4.8638132295719848e-06
4.2399291083853076e-06
4.9667229561935039e-06
5.4689636313918512e-05
6.8048968037399716e-06
4.7220818714554869e-06
3.1188597448772726e-05
4.0381198513971895e-05
1.438124685410225e-05
6.7296562491587926e-06
1.6183324702226824e-05
1.7859694242034577e-05
3.8902180467215188e-06
1.374041605979829e-05
1.6929640414437596e-05
7.6650672226395425e-06
1.0306515779275658e-05
5.1957768725579849e-06
5.5363015291264821e-06
8.5390533605444502e-06
5.7522174798384781e-06
9.4528680001512459e-06
6.7853653240690479e-06
1.531182532269672e-05
5.8626612964689191e-06
8.4657518010886965e-06
4.410007188311717e-06
4.5570543200874954e-06
4.1738317444947161e-06
7.5622944001209966e-06
3.5175349115339971e-05
7.362360667324371e-06
0.00012661433274246644
7.4378198262525292e-06
4.1754873837648696e-06
7.0615983221642388e-06
4.1907459946945155e-06
5.6025233765287885e-06
1.0366561618842263e-05
1.5972144579852738e-05
9.5438971549642579e-06
7.7343109502374427e-06
5.5696033328506343e-06
4.6283439785244839e-05
9.0500194575418329e-06
8.1937661826882115e-06
3.4357177214320072e-05
1.1638733705772812e-05
1.5306434825200513e-05
8.5874503001313884e-06
1.2559816124291941e-05
8.9834345466958935e-06
6.7374094660602997e-06
3.0613806826878921e-05
2.228064702998975e-05
1.7501181329739758e-05
5.2354102205678324e-06
6.1840624342943369e-06
3.9335234536335925e-06
4.1434117681181038e-06
9.9122763542647566e-06
1.4547358926986805e-05
6.6887395070398981e-06
4.3308791684711995e-06
5.9955992301650586e-06
4.9073010825506188e-06
4.7804117846711317e-06
2.1673638353670431e-05
6.0635827284909563e-06
0.00068119891008174384
7.3853607379452445e-06
5.2100971683121894e-06
5.2944789173849506e-06
1.3807196310717146e-05
0.00016056518946692356
4.7308613006083887e-06
4.059067551002184e-06
7.9586152009550343e-06
4.2449866707418536e-06
1.1479606479089896e-05
5.4981004063096201e-06
6.0436106947734852e-06
1.8920043894501835e-05
4.826441175334955e-06
6.0975981560863173e-06
1.2622437645158032e-05
0.0001356300013563
5.2462594170356539e-06
9.5918660975492786e-06
1.0393497827758955e-05
1.7712281696128096e-05
4.0747305584418228e-06
6.7968951782825602e-06
3.8687712782420307e-06
1.5232524486283112e-05
1.6553276721126948e-05
4.1337687569757349e-05
4.146263594561761e-06
4.8052203914332532e-06
1.8696830887164625e-05
1.518141794443601e-05
4.1541695399672647e-06
6.8154711194411315e-06
0.00065189048239895696
0.00023046784973496196
2.5206694898164952e-05
6.7700681745865184e-06
6.5540248266460434e-06
4.8332995002368315e-06
4.1072484721035683e-06
4.8595115219018186e-06
2.8615578320837863e-05
1.1616290686058127e-05
1.7893248877198635e-05
2.9707970648524998e-05
4.5542940161130925e-06
6.258958133829043e-06
6.1232112569115746e-06
1.2445550715619167e-05
7.4768032180161052e-06
1.3346501881856765e-05
0.00013156163662675965
1.8155080699333709e-05
8.8975095870665794e-06
9.6986625544337439e-06
4.139449784334666e-06
5.5916840474845812e-06
6.56521225331215e-06
9.5000142500213752e-06
4.822786702612504e-06
5.9009931371449814e-06
5.9565647299889204e-06
5.2412274954794412e-06
5.7754060110425766e-06
4.7074995174812994e-06
8.6666377778740731e-06
6.6831517743767962e-06
6.7820059817292759e-06
3.8519910941965902e-06
1.3624720693225789e-05
7.597860442499392e-06
1.3504753673293e-05
7.1012640249964496e-06
5.2159399123722096e-05
5.7945484887817545e-06
7.9923273657288996e-06
3.9273904061707161e-06
4.4897610998118788e-06
5.4344281894659042e-06
7.9053258180035887e-06
4.1607203038990106e-06
5.8784455038709565e-06
2.4042507152645879e-05
4.2416735947335383e-06
9.0395480225988696e-06
8.0295487393608481e-05
5.4223465747036687e-06
3.8794273965162739e-05
5.2062183071460554e-06
4.2387249915225502e-06
4.5959050486016958e-06
3.1992833605272417e-05
1.4321518080916577e-05
5.7495055425233433e-06
1.2120918280768951e-05
4.2962154637979401e-06
9.242742136737127e-06
5.2116720607472494e-06
9.7222357253273966e-06
8.0004480250894057e-06
4.1150569935393602e-05
3.8871483102566295e-06
9.787225712999394e-06
5.5414863374654354e-06
5.9382775432158146e-06
3.1481189988981584e-05
5.1586810284346495e-06
8.8528479611891153e-06
1.6594480675727253e-05
3.8521691564519985e-06
6.1460170736354302e-06
0.00052273915316257186
5.078771749840019e-06
8.3135885605021401e-06
2.452783909737552e-05
6.084612623137348e-06
0.00026631158455392808
1.0716850103417604e-05
2.3823137030684199e-05
4.5328449948325567e-06
5.6186719706930066e-06
1.4135674200981016e-05
4.1767256141875019e-06
2.6408915649923415e-05
9.8503728366118651e-06
2.3782343987823439e-05
1.2226583036838695e-05
1.1828300391516743e-05
6.0814673364389361e-06
6.3490451036164159e-06
1.2064618094514219e-05
8.8732719302915757e-06
9.7285728183675455e-05
1.0770407229097332e-05
1.5552099533437014e-05
5.522909026642513e-06
6.3520698219514825e-06
4.4203388631772509e-06
8.3326389467544371e-06
0.00014265335235378031
1.099650311201038e-05
5.6825284978804168e-06
9.7272479670051752e-06
7.6627765304480422e-06
2.7820280984837948e-05
6.2839727275583626e-06
4.9708954073897335e-06
4.9859645099046186e-06
1.0198774107352297e-05
4.4162393955051518e-06
5.5287411609250687e-06
4.573268331946109e-06
6.7184434710166346e-06
4.6176366012347558e-06
4.2380244025445102e-06
1.2772044548891386e-05
4.7896390528009811e-06
6.9677185599119278e-06
2.8835894921998903e-05
7.6462537179908707e-06
8.4502995631195126e-06
5.513135044242909e-06
0.00034211426616489907
8.181230620709968e-06
5.0519594024542417e-06
1.0377319330870449e-05
1.6531111551940751e-05
9.3164519224498545e-06
3.9061431913971105e-06
8.085447003937613e-06
1.6921905406548776e-05
6.185554256589162e-06
7.5060987051979735e-06
1.1217804899937181e-05
7.7599385412867528e-06
1.2910055642339818e-05
4.6108447067502765e-06
3.9316830748906994e-06
6.4093936072708161e-06
1.668752607425949e-05
4.3294728866760474e-06
9.182567813263301e-06
1.1934313538285278e-05
4.1713072459778166e-06
3.9131285462727453e-05
2.5440761187574733e-05
2.0540629364883739e-05
7.1458686160596253e-06
8.2413054227789683e-05
5.0151960440133606e-06
5.392783377284518e-06
3.871527240065661e-06
5.5602817950813745e-06
4.0317053307207881e-06
5.0548450689986348e-06
3.1026993484331366e-05
4.8851262560880884e-06
9.8573639437341658e-06
3.0478512648582749e-05
1.0295798284720005e-05
5.9460102271375908e-05
1.9034566773260239e-05
5.7879079028094503e-06
1.7736786094359702e-05
0.0033222591362126247
3.9881949429688121e-05
1.1317466245656922e-05
1.4624800737089957e-05
6.4912724841450668e-06
1.5319800842589045e-05
5.8468932532698747e-06
7.0869713119401294e-06
6.1967083085465001e-06
1.3776951160708135e-05
4.0180329317979089e-06
6.2182867376380461e-06
3.9140168772407745e-06
6.6567702682012742e-06
1.2284106822592929e-05
1.1002431537369758e-05
1.2110349504686705e-05
9.7387103999688369e-06
0.00017803097739006588
6.5655570875188756e-06
3.1509957146458282e-05
6.4797475490354894e-06
8.705872110738693e-06
8.6646853419518079e-06
5.9444903491199179e-06
1.2089851778417197e-05
1.6185682145574024e-05
1.4952823840782332e-05
3.8364152535870484e-05
2.228064702998975e-05
5.5693551800572527e-06
1.3156509841069361e-05
5.674756978532394e-06
6.2707719320248325e-05
7.6235200841636615e-06
2.9646319409445318e-05
2.7063599458728009e-05
7.2272089964297592e-06
1.9372336303758232e-05
5.4401636401222949e-06
1.4228596633514036e-05
1.8079586339064562e-05
4.4731521408506145e-06
1.4947236256016262e-05
4.1188706056799223e-06
1.0642147159610922e-05
8.0879974118408288e-05
4.7920260686218131e-05
4.0722083993370448e-06
5.4396309754346268e-06
4.1796234995151633e-06
2.6987639661035245e-05
4.8112776347759143e-06
5.1471042391550511e-06
1.6352427517865027e-05
5.359889800665698e-06
3.9449132316334701e-06
8.547008547008547e-05
4.7172703986565218e-06
4.6307658823692847e-06
2.7370264944164661e-05
0.00019391118867558658
0.00010659844366272253
2.6499191774650872e-05
1.0091835704914723e-05
8.9889256436070765e-06
6.5820651887736295e-06
9.0642930304650881e-06
0.00015472690700912888
2.2026916892442564e-05
3.9960199641157406e-06
2.4704777904046642e-05
5.6698663612498654e-06
7.4793756217230988e-06
7.3830706190704714e-06
2.6438240270727579e-05
7.7544626932799818e-06
4.6525477351397629e-06
3.6416605972323377e-05
1.0702169329723136e-05
5.1013641047616133e-06
5.0950221633464103e-05
5.144324010103452e-06
2.4460044517281022e-05
0.00017006802721088434
5.3084191527763032e-05
4.7271266160864118e-06
4.4842848238348705e-06
1.0766000968940087e-05
2.8867526918968852e-05
4.0880567422275824e-06
1.0571271512537528e-05
1.1151877418563416e-05
3.9736309847849667e-06
1.8005365598948486e-05
1.2951354711702844e-05
1.9480266490045583e-05
7.0445851796016992e-06
1.1505891016200294e-05
9.4011469399266708e-06
5.3928706250337058e-05
1.1505229126638057e-05
2.3474729453743044e-05
1.5180265654648956e-05
8.0730449103488371e-06
4.0981759019060615e-06
6.9082242409588617e-06
2.2494657518839277e-05
6.8420980609494098e-06
5.3302631017867042e-06
2.8898393249335338e-05
9.9172898030426238e-06
0.00015499070055796651
8.5850174275853775e-06
2.5999012037542573e-05
4.3154415128211765e-06
4.2410080027821017e-06
1.4890702245517899e-05
2.7978288847854064e-05
4.9519659304743986e-06
5.5797966722092647e-06
2.4691967702906246e-05
6.8671414150431596e-06
5.1943734546738971e-06
6.3570366038167644e-06
1.5086141870078145e-05
4.0715949251640849e-06
5.5158110724391469e-06
1.4920696498112532e-05
1.3162570913350795e-05
5.4297954596050363e-06
0.0016694490818030051
7.370826269624825e-06
6.756208956030592e-06
1.0350788212522384e-05
5.3617865472775529e-06
9.5106757335108661e-06
6.897074950513487e-06
1.8850852058513044e-05
1.0126069566097919e-05
3.783006733751986e-05
4.2377190900769569e-06
4.140306713921367e-06
3.5000525007875116e-05
5.9574873701267753e-06
7.0739868282365259e-06
2.2458788123792842e-05
8.2226699009168282e-06
4.7498717534626566e-06
7.6018457281427933e-06
2.0650490449148166e-05
5.0856939429385142e-05
5.7600700424517164e-06
4.5643551250861522e-06
6.5025424941151992e-06
3.4974818130945722e-05
4.7876440482403018e-06
3.5386956367882799e-05
9.2531761527144186e-06
2.508277315139962e-05
3.9935623774475548e-06
5.030484737509306e-06
5.3048990742951118e-06
8.3948959032907996e-05
8.4924247571166518e-06
5.9937305578365031e-06
3.1507971516793752e-05
9.4382361824222288e-06
1.4779781259237363e-05
1.3356306179962869e-05
2.882259691598213e-05
7.2800867786344015e-06
7.319572536963841e-06
1.6941686714329277e-05
4.7337278106508872e-06
4.145661979304855e-06
5.1398554672642608e-06
2.1634719397689412e-05
5.9878088212399553e-06
3.8963569062926162e-05
8.9367900837377228e-06
2.589868434683518e-05
1.3699005452204169e-05
1.5638928420624619e-05
4.7453412612168004e-06
3.1860324338101762e-05
5.6832712909550738e-06
1.2147568664131874e-05
5.7484148745983291e-06
9.6303857932548771e-06
6.8337285506345114e-06
3.9691990156386438e-06
4.8247412732492223e-06
5.1547454586692512e-06
6.4779006419599538e-06
4.8533558529044909e-06
1.448582561963119e-05
1.7867672021012382e-05
1.0212209717938768e-05
9.7684868613851715e-06
1.2315725950466151e-05
0.000727802037845706
1.3078733978550876e-05
3.9285012767629147e-06
4.24599602574772e-06
4.2757883484767502e-06
5.3610391838353942e-06
5.3768933385668432e-06
6.2166244972304939e-06
8.8042119349896985e-06
8.4600221652580733e-06
9.1158533806142261e-06
7.8590402540041811e-06
3.8498408090825443e-06
3.6280520988281391e-05
8.0402656503770885e-06
8.0384559733766337e-06
1.7329520838748808e-05
6.4895874569253631e-06
8.2856906123125366e-05
1.0890636230968613e-05
2.1843122692820165e-05
7.520606461705072e-06
2.0112226222320549e-05
3.8173912711531193e-06
1.743435963597057e-05
4.1782264264465016e-06
5.0795714873493274e-06
4.9524564183835184e-05
4.2232048212106241e-06
4.0323393616806794e-06
3.8672601621928909e-06
4.8014826978570982e-06
6.545573555882834e-06
4.6961585423123881e-06
4.4236239211887165e-06
4.7410666451738309e-06
6.8775790921595598e-06
1.8282204102526599e-05
2.1499365768709824e-05
2.8895053166897826e-05
2.1752844184377107e-05
5.9425474512413982e-06
0.00081833060556464816
4.6077853140666471e-06
4.3322863641286686e-06
3.7405550983765989e-05
2.9572674848440043e-05
0.0002652519893899204
4.1851335685378403e-06
4.0282785151765396e-06
5.0378341343489604e-06
4.1918702867658462e-06
6.4985703145308026e-05
1.4591084847158386e-05
3.1259768677711787e-05
4.6012763940717158e-06
7.1554302560212942e-06
1.2775797529160758e-05
3.9868593117086085e-06
4.5330915684496828e-06
4.6836213760479607e-06
0.00029403116730373417
7.9219842986271196e-06
6.2701428338537552e-06
6.5247319966332384e-06
1.6972453707632512e-05
1.1270780501549732e-05
5.9992320982914186e-06
4.0955072285702587e-05
0.00015218383807639628
0.00029222676797194621
