8.5327872349502972e-06
5.5600344722137274e-06
7.0401216533021691e-06
1.115834811814459e-05
6.5508047663655478e-06
3.9267118500310213e-06
4.2636468677118287e-06
1.0013819070317037e-05
1.3770690462419785e-05
1.9204916458613406e-05
2.5662081708068157e-05
2.1080591099774438e-05
5.5093079758251564e-06
1.0016226286584267e-05
1.316811735426186e-05
6.5834084939136391e-06
8.5601780517034748e-05
6.9537160658655984e-06
3.8705532181714735e-06
9.7502949464221288e-06
4.9395644292086324e-06
4.3998204873241173e-06
5.545296756555927e-06
5.7517873679245824e-06
7.805426332386275e-06
2.0008403529482384e-05
6.9339952987511875e-06
1.397116351849782e-05
1.3134046074233628e-05
2.8467319517194262e-05
2.1687269572760789e-05
5.3154733429011852e-05
6.0509611951858552e-06
6.1646960188393107e-06
5.7194822724646968e-06
3.6579120637939867e-05
6.4867669953295281e-06
5.5324422413030006e-06
4.2185726881167023e-06
3.6099779791343274e-05
4.7114252061248531e-06
1.0988286486605279e-05
4.4131989955559088e-06
4.5474802411983521e-06
5.69975947015036e-06
6.1106765741102851e-06
1.4404863081776408e-05
4.9404673682130328e-05
8.466396870819716e-06
1.7363824208643711e-05
2.1781746896101069e-05
1.5678158757035575e-05
3.8422524820951038e-06
5.8876171635815549e-06
4.5927177866774443e-06
4.8385613989248715e-06
4.5045450859917661e-06
4.1150569935393602e-05
3.1812686899535535e-05
4.5723691730870347e-06
4.1384733171932878e-06
0.002257336343115124
4.930699025200803e-06
1.7189218921892188e-05
4.5446282494091982e-06
2.9285149500688201e-05
4.3603763876897853e-06
6.6200176092468406e-06
4.8056591442082198e-06
0.0031446540880503146
3.968332705013988e-06
4.1159885575518097e-06
7.2961279448996414e-06
4.1063377216395784e-06
1.3733245440562514e-05
1.0381089806807918e-05
4.5040581563989153e-06
1.1841887123131942e-05
5.4137748086230603e-06
4.3190947177471599e-05
0.00025233409033560434
4.0085944264503098e-06
8.4153125026297846e-06
1.1670517937586069e-05
4.3746062854343113e-06
5.1281262339553751e-06
9.1371764297396812e-06
7.6307917709541541e-06
9.9923059244381819e-06
4.214003978019755e-06
2.6651741691319526e-05
7.1291589731159415e-06
6.6129256244255024e-06
4.1243916522312957e-05
3.9920637772109049e-06
3.8350910834132308e-06
1.0213461342048821e-05
0.00018271514708569341
3.8229953168307369e-06
5.7234104658283782e-06
1.2215381608521451e-05
6.3641570673964235e-06
1.1925489541345673e-05
1.1200465939383079e-05
4.8351223285949138e-06
8.3164924361501298e-06
9.2657796226974531e-06
1.1889334078398269e-05
8.0588619275185956e-06
6.4158085522727998e-06
9.2366807064213406e-06
6.8177944434975281e-06
4.0781870011867521e-06
4.393344961052997e-06
8.2980665504937354e-05
2.5734726439857945e-05
4.2015394440523008e-06
6.9603953504559059e-06
7.3277251809948118e-06
5.2241145125901158e-06
6.0408725436302019e-06
1.7352675782605679e-05
4.2846002896389798e-06
7.4649706253405896e-06
2.1926458657662201e-05
3.7166431279268567e-05
6.9732089312859989e-06
1.3498191242373522e-05
7.0515894282571293e-06
4.4423318688445941e-06
1.5126991090202248e-05
4.0350891351189944e-06
1.4883167137966959e-05
3.889506888316699e-06
5.0278290337015382e-06
4.8866779386037782e-06
4.3891220000351131e-06
1.2298307752853207e-05
3.9878768543627373e-05
4.8442101999689968e-06
5.6956690132823005e-06
5.8473377071419386e-06
3.8623459889536906e-05
1.1032048099729715e-05
2.1553117658469297e-05
2.432794063982484e-05
4.8348184283939214e-06
1.6377065557393426e-05
5.4114603908156693e-06
3.8471304254156828e-06
9.5867166454161119e-06
1.2539342186108917e-05
1.2869184737146902e-05
2.6339356266132856e-05
8.8542588985301933e-06
8.8985388599192019e-06
6.4007373649444417e-06
6.9892924040370155e-06
8.9124176715417587e-06
6.4639569759023685e-06
5.5364547865419854e-06
6.368696582557414e-06
4.8532145266417214e-06
4.4007498877808783e-06
0.000365764447695684
6.5037689340973093e-06
6.1704779652231865e-06
6.9016922949507222e-06
6.2597417230565066e-06
6.6353918530658831e-06
1.9197542714532541e-05
1.0031398276605776e-05
6.2651538408525624e-06
6.5516631396880098e-06
9.3031909945111178e-06
5.8548009367681499e-06
1.5682092618439004e-05
3.2046146450889282e-05
5.1882827821647593e-06
5.7329916470311707e-06
4.7969913270396805e-06
4.5121059803452664e-06
1.5511331027315454e-05
6.8491274211665432e-06
4.1146506250154301e-06
1.4961101137043686e-05
8.6053335857564519e-06
6.7512371642103415e-06
4.3391477913737744e-05
4.6261814110778536e-06
0.00048828125
4.881287097781943e-06
5.0356270614598283e-06
4.1924326590504144e-06
7.408450078159148e-06
1.8774406728747372e-05
4.5885662107161372e-06
0.0002144082332761578
4.4023772837332157e-06
1.0273796681563672e-05
1.0869683366123544e-05
8.5418980097377634e-05
0.00014810426540284361
5.4850723755299949e-06
2.5197802751600059e-05
4.5848004694835682e-06
0.00027862914460852607
4.701855352121947e-06
1.1138710360114505e-05
0.00015255530129672007
3.314111486710413e-05
1.1709053440119901e-05
5.5447125621007809e-06
7.8093274607190827e-06
1.2594934317417535e-05
8.3351392801773715e-06
7.6834421820975803e-05
5.2660680902604071e-06
7.4804946103036329e-06
4.4086656732473346e-06
1.2368889768454383e-05
4.2297605955502916e-05
4.1232352553107267e-06
4.9346406841385847e-06
4.3005203629639184e-05
4.6867384050091859e-06
6.4708166170570726e-06
1.719217412233951e-05
3.9460496097356937e-06
3.9933072171041332e-06
5.8283209772928616e-06
5.6695127620732277e-06
4.8793578765034521e-06
4.6817794507336351e-06
6.7530152212963087e-06
1.2363996043521266e-05
2.7607531334548064e-05
7.7252887326663834e-06
6.8121283132489083e-06
6.8198402793406576e-06
8.797163794392687e-06
4.3628304298696819e-06
6.0019686457157945e-06
5.6983953318745442e-06
2.7628888766093829e-05
5.0591925528685624e-05
5.9870201403357522e-06
6.4278505910408616e-06
0.00013299640909695439
1.0612782034682572e-05
4.1514619373212274e-06
4.1748772586085973e-06
6.5523500003276171e-06
6.4556945681785906e-06
7.1093416749608989e-05
5.3156993865682904e-06
7.7060600456198761e-06
9.9050109450370935e-06
3.2671197072660741e-05
1.1151255631384095e-05
4.2000924020328451e-05
4.5550823331131712e-06
4.391126411747141e-06
2.5428469714692571e-05
3.8943539656206432e-06
4.4517849431729654e-06
6.1382832449420547e-06
9.625658154376305e-06
0.00042716787697565144
1.0352609892954013e-05
4.7792694408732683e-06
4.2728103983113852e-06
6.500260010400416e-06
1.6347348460079775e-05
5.2562141591897023e-06
6.430454633142563e-06
1.0210020113739623e-05
4.300871786711166e-06
7.1978176216971016e-06
0.00017032873445750298
6.1936762565420705e-06
4.3755059178717537e-06
0.00022841480127912289
2.8436558039014957e-05
4.1009153243003842e-06
4.3045930007317805e-05
3.8937170980905212e-06
4.1105575560268991e-06
0.00011204481792717087
4.6320314237011781e-06
6.1437514975394279e-06
2.541037759821111e-05
5.3673696131736717e-06
4.7056609100748197e-06
7.3727282780993104e-06
1.2153621779290228e-05
6.0159422469544295e-06
4.3607376623829691e-06
4.7803432286438168e-05
9.7756488586929958e-06
5.9686526363538699e-06
3.842710186640434e-06
4.1742324630058652e-06
9.0353825580975091e-06
1.2514078338130397e-05
2.9908778226409451e-05
4.4051699074033283e-06
4.1660938287652111e-06
3.9106800672636971e-05
6.8846815834767645e-06
7.4871595214207637e-06
6.8497842317966981e-05
4.2882566092754989e-06
2.228759917981635e-05
7.6770716577868544e-06
7.252788697254094e-06
1.144230219120087e-05
3.0578234412745011e-05
9.8369041295323541e-06
4.5952925822787139e-06
0.00012523481527864746
1.3998544151408254e-05
8.728212200295013e-06
4.8002611342057005e-06
7.248635444377596e-06
4.0272726906611577e-06
4.4769971884457655e-06
6.4195565370344214e-06
5.7418136092466166e-06
4.8045508705846175e-06
5.2806953619652632e-06
6.767410856280496e-06
8.5240591569705497e-06
6.2321216011566815e-06
4.1245957896126176e-06
1.2929418305470436e-05
7.2818892133375082e-06
6.9810951942140682e-06
5.9046168198914728e-06
1.3888503097136191e-05
1.5476522115950103e-05
4.6445524044847799e-06
6.7856415824116167e-06
9.456264775413712e-05
4.9855419284076181e-06
1.0506298525966317e-05
6.2867381259233646e-06
1.2624190473785868e-05
3.8556446637877854e-05
4.2358343111050869e-06
4.9984754649831804e-06
1.4894250819183795e-05
5.1474751634323367e-06
6.5811122079631454e-06
4.0174840907630003e-06
4.2904276269215749e-06
5.4354029535979651e-06
3.9680492672997032e-06
4.4728120121839397e-06
4.9147777537499757e-06
1.4397189668576693e-05
0.00095510983763132757
4.0022732912294184e-06
3.0062530062530064e-05
9.6151072565214459e-06
6.65212069607791e-06
7.2809878844361601e-06
5.0233586175717085e-06
2.0482988877737039e-05
1.049626333025443e-05
1.23751655178388e-05
0.00010336985734959685
6.7651675055474376e-06
1.3491999244448043e-05
0.00012174336498660823
0.00047058823529411766
3.9625931209383418e-06
5.694501389458339e-06
6.7605938505638339e-06
6.7778229632641999e-06
5.841053258723613e-06
7.0133604516604132e-06
7.2874611942691402e-06
8.2039165497608559e-06
4.1545837522538621e-06
4.9467971961553494e-06
1.0471313835746972e-05
1.1577558061453678e-05
4.651963361136568e-06
9.8284928006290238e-06
5.6620973541019064e-06
1.958863858961802e-05
6.9298148353475993e-06
1.1045574038482781e-05
5.6563645413819633e-06
6.4974724832040336e-06
1.3581051716644938e-05
5.5768093958084701e-06
2.0773177672988636e-05
4.78908854066894e-06
4.7876669698855745e-06
1.7400988376139765e-05
3.9332604369065694e-06
6.46253667489563e-06
4.578775543844065e-06
5.6582208290425155e-06
5.6615523976674406e-05
4.1728738164686635e-06
5.4781012900928538e-06
8.0456348408171139e-06
6.1372660934460139e-06
4.4112522221683073e-06
5.2253156090627871e-06
2.2012370952475292e-05
0.00028042624789680314
1.5788061068220212e-05
1.5568563955660729e-05
0.00011256190904997749
6.237914041544508e-05
5.6756910153811228e-05
8.9695752009184847e-06
5.5554012388544765e-06
7.4005550416281221e-06
1.3255743050676706e-05
4.301315772494806e-06
4.1570361994712246e-06
5.6848220934925841e-06
8.4866589720958657e-06
5.560776506831414e-06
6.3428031384189931e-06
1.1855364552459987e-05
5.1186765150002815e-06
1.2460282848420659e-05
9.2871206211226272e-06
9.3992029475900444e-06
3.8877528011258933e-06
5.0937245313773429e-05
1.1272813356029265e-05
3.2966308432781698e-05
1.1897255303201551e-05
5.4452291624693025e-06
4.131514365275448e-06
1.6429533729832748e-05
4.906650965383577e-06
4.5190591318887406e-06
1.5589436597761358e-05
3.2779362113613271e-05
4.9029221415963915e-06
3.8713623711320252e-06
1.476145488899386e-05
0.0002145002145002145
5.6017387797172246e-06
6.3366135869668529e-06
5.3122825284339918e-06
3.8543220440240663e-06
1.1125326806474941e-05
5.8969565807086965e-06
4.0710976493482171e-06
9.1797861109836149e-06
4.4953518062323556e-06
7.9383350136142443e-06
4.6174233854024775e-06
2.7670937214643459e-05
3.8833594165640809e-06
4.7433604811664872e-06
8.925383791503035e-05
2.6573129251700679e-05
5.0460706248044645e-06
4.0067634166473006e-06
1.3407881152541464e-05
6.9418894434687229e-06
1.1833899388187401e-05
4.7883317930866066e-06
1.8094307530850794e-05
4.2479079053566117e-06
4.0246793336740892e-06
2.6692291266282297e-05
1.0461892556363446e-05
1.1129908289555694e-05
4.439708755105665e-05
5.276515811079628e-06
4.8710392362210477e-06
3.8778026818883345e-06
5.8669607969679549e-06
1.8899661696055641e-05
6.1096312226594006e-06
9.5002850085502573e-06
7.9249978206255987e-06
1.4799248198191532e-05
8.9408651181088278e-06
4.6355098597294718e-06
1.7053787646236229e-05
4.3488092960147515e-06
3.2041012495994874e-05
2.8447883477469277e-05
2.0956891673826939e-05
2.8230245885441662e-05
1.8228217280349982e-05
0.00011976047904191617
5.0609848676552458e-05
4.0907491798047891e-06
4.2040476570842411e-06
4.451170657883023e-05
3.8581735406458583e-06
7.6614849490128179e-06
5.3813203607637169e-06
0.00015787811809283233
0.00035273368606701942
1.9650998270712153e-05
2.5457600366589444e-05
1.457917219460279e-05
1.2530072173215718e-05
9.8233757048272062e-06
1.5642353235620767e-05
0.00031928480204342275
1.1074442401825068e-05
2.6640381490262942e-05
2.2422530158303065e-05
1.5581177937052041e-05
5.0635988009398042e-06
5.5959709009513153e-05
1.379063064553942e-05
7.4020340789648999e-06
5.485102461713985e-06
1.745718625072011e-05
7.0580595982552479e-06
6.3654939305015376e-06
6.0087126333183117e-06
4.0276295386350363e-06
7.9943080526665021e-06
0.00018839487565938207
6.1185655634892952e-06
8.2979288369622936e-06
9.114191707908384e-06
7.6271832812142479e-06
1.3356662971323245e-05
1.0928125717158251e-05
5.2399092447718805e-06
3.9678603313163379e-06
5.5318607520011505e-06
4.4555536248156517e-06
3.0809045535769304e-05
1.9461310913903159e-05
1.5240417587441896e-05
8.8703596930855546e-06
0.0001551590380139643
9.418945266509056e-06
2.0649211200132156e-05
6.1172181338814361e-06
5.522207557693263e-06
1.3815207780725021e-05
5.2034280183785075e-06
1.0475591870940709e-05
5.2492611664908164e-06
7.043890481590792e-06
5.0633167762874747e-06
4.527734638528305e-06
7.2907021675257545e-06
5.556574260836709e-06
6.1921038291970078e-06
7.9125191878590306e-06
4.2098527393511772e-06
3.8750678136867392e-06
5.8855034165347331e-06
2.277437427406682e-05
4.423995752964077e-06
8.5839857162477687e-06
6.6535370202799808e-06
1.8631341642911706e-05
4.4916365727016292e-06
4.9445469064442276e-06
1.3571467347049563e-05
9.5365248903299643e-05
4.9512548955532776e-06
3.9432176656151422e-05
1.6296199726223845e-05
3.8287331105010661e-06
5.0448487049873372e-06
2.0958209330594794e-05
4.3510799380406216e-06
1.4198293365137511e-05
4.2444101118826502e-06
4.1853262461808899e-06
1.3224014810896588e-05
3.8574740488433363e-06
6.8336818511077399e-06
1.4881395279621418e-05
9.9545078989020179e-06
2.1714112001389702e-05
1.1676377520637997e-05
4.4176245549243262e-06
9.0756455052865641e-06
4.8825264144679024e-06
7.371804322826055e-06
2.0644521976093642e-05
4.8668431708456627e-06
6.0051404001825563e-06
4.424935395943219e-06
9.0538705296514259e-06
1.6928780619931947e-05
7.100658941149739e-06
1.6848915772270053e-05
1.1659496076579571e-05
1.5661216563302638e-05
6.7669987007362492e-06
7.8017725627262509e-06
1.1468942104780255e-05
9.3894950329571271e-06
6.795971348184796e-06
4.2060280794434581e-06
9.8010389101244729e-06
0.00018971732119142478
5.194049696667498e-06
5.5651399632700765e-05
3.8372985418265539e-05
1.2800491538875093e-05
3.8994412100745962e-06
6.6039293379560838e-06
9.3669795237827616e-06
4.2326250740709385e-05
5.2093372160260053e-06
4.5619189255768543e-06
4.5640843077653332e-06
7.3300885474696531e-06
5.1177858411336916e-06
7.3285307028793794e-06
4.2270607978154553e-06
8.1757458324135619e-06
1.4021312394840156e-05
6.486009677126438e-06
7.6615436478141612e-06
5.7924339228100259e-06
1.060389162822756e-05
8.1379546064892053e-06
4.3023891166764901e-06
6.6083807484652034e-06
3.965830405228551e-06
1.2449889195986155e-05
2.031694433157253e-05
5.9349294336890334e-06
2.2291573785109229e-05
4.7447108335982461e-06
4.5844221335900607e-05
0.00014507471347744089
8.7225023114631122e-06
8.4015257170702198e-06
3.8964631803711772e-06
5.6406669524604586e-06
4.2029168242760473e-06
8.0534750744946453e-06
0.00028240609997175941
6.265232346141557e-06
5.2779639726179227e-06
4.2563515405864403e-06
3.9301378692364525e-06
4.1073496915380383e-06
3.9676871558031391e-06
9.2458185785478515e-06
2.5615410230794848e-05
5.6696091938382684e-06
1.608104848436118e-05
3.9596119580281134e-05
4.5021722981338498e-06
4.6992260374716281e-06
7.425999910888001e-06
2.808357672433161e-05
7.466921537588483e-06
4.4029587883057415e-05
6.4727432780561061e-06
1.2695833227534723e-05
9.9472794190788816e-05
9.4178807884649798e-06
4.0403550664032357e-06
6.7123554326448695e-06
1.1909440613574381e-05
5.9885618468724732e-06
5.3467358177832435e-06
1.4110342881332016e-05
5.0873239150009919e-06
6.4790338464728141e-06
1.1381484600851334e-05
5.5090651667318572e-06
5.1473426843392097e-06
5.6144133218799304e-06
6.4834024896265559e-06
3.9055024624193024e-06
2.3771037368070742e-05
1.1614132075909967e-05
8.6452092572900722e-06
4.7725179327361325e-06
4.6797637655251166e-06
5.8214672426038257e-06
4.0454874610116143e-06
4.146108876819105e-06
8.3958121688901582e-06
2.0333055448242206e-05
3.9351332632879614e-06
3.8834649827962503e-06
1.452559409679856e-05
1.1501127110456825e-05
2.5865859651845528e-05
2.0075483819160042e-05
2.3591025973719596e-05
4.2764831912828168e-06
7.15834985719092e-06
6.4147796523189429e-06
2.0215905874742249e-05
1.2771065873157774e-05
0.00051759834368530024
2.5726781579624389e-05
2.0426505433450444e-05
9.1869545245751039e-05
4.0085462205421961e-06
1.0521553402144293e-05
6.91811716523231e-06
1.0141679259251748e-05
1.1263417546151853e-05
1.4876303536097351e-05
6.1350446017742551e-06
4.2802905461222706e-06
5.7951865180780842e-06
4.3125754700707266e-06
3.961196122781235e-06
1.0139828231309762e-05
5.1310995946431318e-05
1.0254832589857971e-05
6.912760956726116e-05
1.9022256039566293e-05
6.6734736097486103e-06
4.4169221119954774e-06
6.3654534112464832e-06
4.6090170810173022e-06
4.235852253473399e-06
6.3266313218863481e-06
5.0129836275954719e-06
4.3086362304603345e-06
4.0873716565299848e-06
4.5543147578015412e-06
6.4842432888081965e-06
5.061522809752542e-06
1.5753737574239487e-05
1.6191185518603671e-05
1.3582342954159593e-05
1.180205591814094e-05
5.4013179215728635e-05
3.9673880700640734e-06
5.3007654305281685e-06
1.0600069960461739e-05
0.00020149103364900262
7.9300254553817112e-06
4.2383656861914042e-06
1.7983670826889186e-05
6.1745165353552815e-06
4.443555733297785e-06
3.8311534070447249e-06
4.319243959537323e-06
4.8889953603434026e-06
6.32403068419688e-06
1.4887155362353362e-05
5.1436624934418299e-06
1.5332014780062246e-05
8.1280988376818667e-06
1.2090582645177671e-05
5.6735335334199492e-06
3.9107565358518605e-06
5.4529194930966043e-06
3.461285521442664e-05
1.304410210923131e-05
6.3635900829812146e-06
2.2781637999772185e-05
5.492031062927692e-06
4.7639918440459627e-06
3.979766865257033e-06
6.4100920489218224e-06
2.861475949294646e-05
0.00028409090909090908
5.9678333780920839e-06
1.4132278123233465e-05
3.9165308935956885e-06
5.0413643948598248e-06
1.4645791531803336e-05
6.2672741744433098e-06
7.0469183825912927e-06
1.122573837294148e-05
1.4705233592635619e-05
6.7468643947725296e-06
4.297563281619322e-05
5.7883769391062745e-06
6.1453372253802425e-06
4.6359611506455577e-06
1.1117410977331599e-05
4.751338689675816e-06
0.00012548625925461163
1.1016006257091554e-05
9.5367977340568583e-06
7.7148588180836285e-05
7.5769055917563263e-05
4.9176780691228828e-06
1.9725422124033453e-05
4.0180006428801027e-06
5.0464016632939885e-06
1.9847964591231171e-05
6.6596074827349675e-06
7.1359251013301362e-06
1.9654088050314464e-05
5.5808554335208497e-06
1.2759333452420445e-05
8.2020324636444914e-06
1.3228038149662024e-05
2.9913251570445709e-05
1.5389587405161666e-05
7.2005645242587023e-06
8.3229296712442785e-06
5.5404731564075569e-06
1.57230232229053e-05
1.1001463194604883e-05
1.6569733724379048e-05
4.2048608191068879e-05
4.4996602756491884e-06
5.7516881204633563e-06
2.8868360277136258e-05
5.8995657919577117e-06
4.4619750486355279e-06
5.6092799928201219e-06
1.0214191597805991e-05
7.0421543358544243e-06
5.6204720072391678e-06
7.4471254095918977e-06
6.9887062506988709e-06
6.2597809076682316e-05
3.9296282178743072e-06
4.3829084103629483e-06
4.663874560429823e-06
6.5139789989317075e-06
3.981050201043035e-05
1.3962385333910445e-05
4.869189231301096e-06
3.1430726678400805e-05
7.9028268411610839e-06
4.7887216028808946e-06
6.3036599049408085e-06
5.38819231536012e-06
2.8527414845666685e-05
7.3341743186552056e-06
6.6236131809902302e-06
3.8835253089344384e-06
7.3514816911348481e-06
0.0002631578947368421
1.2203456018744508e-05
6.3506982592736075e-06
8.9967701595127343e-06
7.9545635330989392e-06
3.0930067118245644e-05
1.2524893225285255e-05
7.3891261619400893e-06
4.9501764737912907e-06
5.8910162002945506e-05
4.1245957896126176e-06
1.2087805821487284e-05
1.8083182640144666e-05
0.018181818181818181
1.0796571009047526e-05
6.7527416130949166e-06
7.2221981482283945e-06
1.4836134890138422e-05
5.7096201389721545e-06
6.8929388734180705e-06
8.93734918223255e-05
8.9726334679228346e-06
5.3287009160036878e-06
5.7382881538779356e-06
2.0950744798977603e-05
1.7648823705900002e-05
1.7220892386643477e-05
2.4271844660194176e-05
1.9864129355210362e-05
1.4625228519195613e-05
6.2303355035668667e-06
7.449732927074564e-06
0.00020695364238410596
5.1560477862508833e-06
0.00013923698134224449
4.0079196492268725e-06
8.2706145066578447e-06
5.1410445574331796e-06
1.5966534144433266e-05
9.7330231743281789e-06
3.8363269471277423e-06
7.4947911201714807e-06
2.7303754266211605e-05
5.7645858433300856e-06
6.9681555292314123e-06
4.5649593718615907e-05
6.3048124633532773e-06
4.2041890539733793e-06
3.5700260611902468e-05
5.8030895648843441e-06
4.2985793195348935e-06
4.3002799482246296e-06
1.0894195572598919e-05
5.5925283820815392e-05
2.6708688336315805e-05
3.9478878799842088e-06
9.7343495994315135e-06
5.8467223274632242e-06
8.568319495497348e-06
8.7700065775049328e-06
5.2598635591392758e-06
3.3549166303217366e-05
4.2037472202721507e-06
1.0121150167505035e-05
3.8919592122674553e-05
5.6762386971896939e-06
8.8546509053880557e-06
5.0393065914130216e-05
5.2553026003237263e-06
7.9795086218590662e-06
6.461826758424607e-06
6.0882800608828003e-05
1.0307578131442237e-05
7.366970922565769e-06
0.00014007564084605686
1.111704019921736e-05
1.0349609819709797e-05
4.1219265884874587e-06
4.0290413299059621e-06
1.1655011655011655e-05
4.4512300974374265e-06
5.701286780426342e-06
4.1494464638417239e-06
3.4812880765883375e-05
7.8397553996315312e-06
5.0352974350194868e-06
8.9387871853546911e-06
9.9308810677683327e-06
1.0955542408904664e-05
1.267523512561158e-05
5.1630757474842911e-06
9.4627074698612774e-06
5.1242896453479135e-06
4.0304541112647163e-06
1.1093484796379087e-05
8.8511240927597805e-06
3.3140016570008282e-05
8.5015217723972598e-06
5.1179429963509065e-06
3.9526316621606668e-06
2.5408440683995224e-05
2.3492928628482827e-05
1.6383505087078328e-05
6.8294815057640827e-06
4.3748168045463096e-06
4.6075093186875973e-06
2.4799742082682339e-05
4.3223243731549074e-06
6.5564741904393496e-06
5.1598522218323671e-06
1.0162911470878178e-05
4.0100893848923894e-06
1.4234470193019415e-05
7.561265150885046e-06
5.6366608421171295e-05
5.3371191298360973e-06
4.6425039809471637e-06
1.2464320881476773e-05
4.5497561330712677e-06
3.5179061422641241e-05
9.2973957994365784e-06
8.6132644272179153e-05
8.4005376344086021e-06
1.3105816361301146e-05
4.6284082441207643e-06
1.3298049176185854e-05
6.4023765621798812e-06
6.7496878269380039e-06
4.0645449741901396e-05
5.9216097303891088e-06
4.6099307127413877e-06
6.1830682858061485e-06
4.9991251530982078e-06
1.8355696690467886e-05
2.3507839864594843e-05
5.79575750550597e-06
1.6792893247577624e-05
3.8523027139472619e-06
4.1179038222383276e-06
3.9666956235447188e-06
8.3486391718149948e-05
6.0646123802997132e-06
1.2007684918347743e-05
2.2785271600437476e-05
8.0764353844787057e-06
4.4565861658652242e-06
6.5073239931542951e-06
5.3509128657348945e-06
1.3573125212080081e-05
2.8640164967350212e-05
5.4964383079764314e-06
1.5139586992066856e-05
7.4461272692072854e-06
5.9382422802850353e-06
8.8206756637558437e-05
2.8519279032626055e-05
1.0125864495681318e-05
1.8213277479282396e-05
6.1250114843965329e-06
4.9750748748768673e-06
6.8595574213551744e-06
4.7491724566994199e-06
4.7154686232717809e-06
1.6226127310194877e-05
1.4192651045288749e-05
3.9043435822352371e-06
8.337641114575865e-06
4.9240465814806608e-06
4.6401989717319083e-06
3.87807337314822e-05
1.9787482438609334e-05
4.5959895395278082e-06
4.8644993700473312e-06
5.0588598341705744e-06
9.4272031373732044e-06
9.7421259267197295e-06
4.049435508690089e-06
