1.5171513965378604e-05
0.00016302575806977502
2.045408058907752e-05
3.6875875802050296e-05
1.4594279042615294e-05
6.9872901192730422e-06
6.3802772868508866e-06
1.0353574571620853e-05
6.7644353049407437e-06
1.2064035902570847e-05
7.8283401570365037e-06
2.2671110204266703e-05
5.1432921184191576e-06
5.7850283466388981e-06
4.2033408152799846e-06
5.4508685959107581e-06
4.3194678415619196e-06
5.5188551686838086e-06
5.4362303004604487e-06
3.351543385729128e-05
4.5160795010635367e-06
1.4286734766769055e-05
0.00011629259216187928
4.1027829176530443e-06
3.8187761586166865e-06
4.1548772026042774e-06
7.9478620251152434e-06
0.00049627791563275434
4.1499113993916234e-06
5.1946432838456986e-06
4.398001548096545e-06
5.5738874520645675e-06
3.914461193988953e-06
9.2827239225078211e-06
4.3984851617103068e-06
1.2764871074802145e-05
1.0465615221190778e-05
5.0024762257317369e-06
9.6971577630596475e-06
2.2441148089136241e-05
7.1910370913693176e-06
6.7642522795530185e-06
6.0239875182978618e-06
5.5903086409400665e-06
7.9835220105701827e-06
5.3223480070467884e-06
3.8572508601669421e-06
5.5113119678139385e-06
8.9395862759471491e-06
7.598206823189727e-05
4.560941013349874e-06
1.030640955610294e-05
7.0905893697884168e-06
4.8650436880923191e-06
4.3311605344652103e-06
8.5162191393508944e-06
2.208431792584086e-05
2.2669054473737901e-05
8.4520136922621811e-06
4.4083935813789459e-06
4.8821688546920085e-06
4.9212840614373099e-06
1.3935922627757571e-05
5.3812624441694025e-06
5.2522111809071619e-06
8.2808877111626369e-05
5.3976153335456394e-06
1.6159787983581657e-05
9.090661163786442e-06
4.6702783485895757e-05
1.1031561296870346e-05
3.9948386684403753e-06
1.6312415379345221e-05
6.2900993835702608e-06
5.0691688083904882e-06
6.546173434318969e-06
4.5268123093080312e-06
0.00013574046423238766
8.2653508228156743e-06
4.2164204277136884e-06
4.0845001388730046e-06
1.0677144504473723e-05
6.1264749488439344e-06
1.5253901185228122e-05
4.0300805210088097e-06
4.4313277144097918e-06
1.9799235749500069e-05
1.0746217331499312e-05
7.0952178231871716e-06
4.8524138332613563e-06
7.9573486114426672e-05
9.2857408164023327e-06
7.4553424984343782e-06
9.4528680001512459e-06
2.4203112520270108e-05
3.8540249509575326e-06
3.9587654985669269e-06
2.1552188624754843e-05
0.00013577732518669383
1.49441090322195e-05
1.5829547433238884e-05
3.8585159376000806e-06
7.2611622216251934e-06
4.0686793066970462e-05
4.2738147643204845e-06
6.3610399028033107e-06
9.9823312736456479e-06
1.2325744783128521e-05
5.8286606903465721e-06
4.6077428510869662e-06
1.1631694039919974e-05
4.2395156777289759e-06
1.4698749136448488e-05
4.9792613763674298e-06
7.6665951117789571e-06
1.8521948508983146e-05
7.2871425656571546e-06
4.6622220150123549e-05
1.8441338103492789e-05
9.683354313934346e-06
3.5405749893782748e-05
1.3409679106378984e-05
0.00026116479498563595
2.6490767967363373e-05
5.222532092459708e-06
6.3867972128016964e-06
2.0247833481817446e-05
1.0151253679829459e-05
9.5320706517076707e-06
6.2875286868496338e-06
0.00038008361839604712
6.2912469880655042e-06
6.7160520359711747e-06
5.7598378029674683e-06
1.1836140471315113e-05
0.003003003003003003
4.6898155964507475e-06
4.221439848703596e-06
1.7005356687356518e-05
0.00034843205574912892
5.2549712027578091e-06
3.9656102281019006e-06
4.2038179074235217e-06
4.9669449811504435e-06
8.1937661826882115e-06
5.0520104475576056e-06
6.0489480879275098e-06
3.4295905068934772e-05
6.9946211363461497e-06
4.4808287740900556e-06
1.3254688846179335e-05
3.9548357754444243e-06
1.0028078620136381e-05
5.1204325741438634e-06
5.5479733253442517e-06
7.7065945329418381e-06
2.9408304905305258e-05
4.5968346196808875e-06
6.4390671079573989e-06
4.1948772159438889e-06
1.2758356723653994e-05
1.3205852833976018e-05
1.8343911655721465e-05
1.1557086227420343e-05
7.0519872500070521e-06
4.1039110272089301e-06
6.4642076820644097e-06
4.1035068569599578e-06
6.1785603954278657e-05
6.198475175106924e-05
4.9699319119328063e-05
1.0941996476677134e-05
4.6472720513058838e-06
7.1403070332024283e-05
8.6992831790660448e-06
6.8649728490323825e-06
8.5565890013604978e-06
6.1125815265561108e-06
2.5097251850922323e-05
4.4035598377728553e-06
0.00021649707728945658
4.8109535791089153e-06
5.079158688154894e-06
6.1324486254116407e-06
1.3645915777407822e-05
4.6188309738805112e-06
9.2908308790055099e-06
4.1693072279110103e-06
9.8238582220781383e-06
4.3252033926895409e-06
4.2090022139351643e-06
6.5286083618415897e-06
4.9738870927629947e-06
5.4321846073616966e-06
3.9756214890292726e-06
1.2799672328388393e-05
8.4891084738280792e-06
7.0387836981769547e-06
8.0291619160791998e-06
2.4135933577910794e-05
8.2115289866973224e-06
7.782343419250405e-06
5.1893597367956742e-06
4.7508420867598782e-06
5.7919306821735957e-06
5.927471459224924e-06
6.291801153916332e-06
6.2684134645521212e-05
4.6582693597674596e-06
0.00010165700925078785
7.8330004308150239e-06
0.0034602076124567475
3.8261109113030972e-06
9.9465868287297213e-06
4.4779193795394906e-06
4.8284919653893692e-06
1.3411657412623052e-05
4.0979911647310488e-06
7.9008287969407983e-06
0.000159821000479463
6.0869829868825518e-06
5.243536030957837e-06
1.0023655827753499e-05
9.516649378086963e-06
5.1332330641808126e-06
4.1999865600430081e-06
7.5340917652377013e-05
6.3143670794157947e-06
7.9480515351661534e-06
1.0046818172684711e-05
0.00017286084701815038
4.1570361994712246e-06
8.1873260193220902e-06
3.3017466239640773e-05
6.1051924661924967e-06
4.3162983425414363e-05
1.2067675524340501e-05
8.4694084965106042e-06
3.3492983220015405e-05
2.5050100200400802e-05
1.8251172637841982e-05
4.4812906116961685e-06
6.5600010496001683e-06
1.0143222298859902e-05
2.7327630967671413e-05
4.8043662080098395e-06
9.2993843807539939e-06
3.9466569842015325e-06
1.7236921485822633e-05
4.5313455830708933e-06
1.1300967362806257e-05
7.2392424856662998e-06
9.9075624424122939e-06
1.1668339128608434e-05
6.2363579669473025e-05
5.9333800092560729e-06
6.3411138800641717e-06
6.9763223619036992e-06
1.0467367980321348e-05
9.2919531685560311e-06
3.1342067322760606e-05
8.378718056137411e-05
4.5304833572693867e-06
4.508688242242802e-06
0.00012295585884667404
5.0437291315707185e-06
4.423643489723876e-06
4.3566720253732576e-06
6.195441394222131e-06
4.4905272328024029e-06
2.3670319786020308e-05
4.7824922523625511e-06
3.9635826030432386e-06
4.1374288362240169e-06
8.2045896474487822e-06
4.6217982492628236e-06
8.7187758838659058e-06
6.4475779673365704e-06
8.8702023293151315e-06
1.1438768273432317e-05
2.7021914772880808e-05
4.1097297852666186e-06
5.7263929450838919e-06
7.6177127055830218e-06
8.8059175766114833e-06
3.6741742293419554e-05
7.2775966464834656e-06
1.5667105345616342e-05
1.4909351145038167e-05
9.0110385221896824e-06
1.8167944478761673e-05
5.0068844661409434e-06
1.2459661844777533e-05
6.1115728743949542e-06
4.4225479183066945e-06
9.5955476658830304e-06
4.0356590836632481e-06
7.5009751267664797e-06
2.8107257293833266e-05
7.820075698332759e-06
4.6767216181456803e-06
1.3612479921592116e-05
5.0386971944534018e-06
6.2249058482990445e-06
6.4313644782877134e-06
4.3999947200063364e-06
9.504709583598674e-06
6.3198341675514439e-06
5.0646246100239048e-06
6.453444848860322e-06
6.223898525558439e-06
4.3920907230259744e-06
3.8972680151213998e-06
5.123134538636119e-06
6.9754464285714284e-06
2.7605244996549345e-05
4.540583737445286e-06
1.4935850522007976e-05
4.8594170643289627e-06
2.8448692782566641e-05
6.7849049434817422e-06
8.0961171022377662e-06
6.9442997715325371e-06
5.6501005717901775e-06
9.0679918025354103e-06
7.2719868522477709e-06
0.00012542330364981815
7.6479495847163378e-06
4.8459003682884284e-06
1.4683640955611354e-05
1.1075178310370797e-05
8.5139714271118904e-06
7.2695022571804507e-06
7.3689795437127868e-06
5.8054141292169076e-06
5.6458897922312554e-05
0.0090909090909090905
1.9850722566301414e-05
7.444353457902181e-06
4.097386686771177e-06
9.7501998790975209e-06
8.3571512142940717e-06
5.9542593794470877e-06
4.6376381436462042e-06
5.2512734338076981e-05
7.3916932151647974e-06
9.3038834409482517e-06
6.8540565733829564e-06
6.7902492021457187e-06
6.8015180988396606e-06
6.4451261955709093e-06
1.8285547103569339e-05
2.6808214036780871e-05
0.00047169811320754717
6.4570701689815263e-06
4.6266094817734722e-06
1.25702361947381e-05
7.0637931156272293e-06
7.6735370401632935e-06
1.9242981122635517e-05
4.4168440765704089e-06
5.160997311120401e-06
6.5421477871185112e-06
6.2418465878945623e-06
4.2633378524714568e-06
9.889044916042009e-06
0.00049726504226752855
6.5059692267655577e-06
9.0377506846096142e-06
1.0087763542822556e-05
3.3247996808192306e-05
6.4479521304033839e-06
2.8100938571348285e-05
1.4931836167893565e-05
3.6744442403086535e-05
0.00036764705882352941
3.1738978639667378e-05
8.4759410413541171e-06
6.5620242532416397e-06
8.5697880691410508e-06
4.2520441702348408e-06
0.00012971851083149564
1.8782517232959561e-05
5.9755004481625335e-06
1.1196703690433536e-05
6.4801674475268439e-06
1.3240824108892537e-05
4.2254711400321139e-06
4.1066412602460698e-06
3.6364958725771846e-05
4.9707718614546468e-06
5.1440064608721148e-06
5.6989474044144043e-06
2.2994849153789551e-05
7.2086619281728922e-06
6.7302450482222059e-06
5.3391993336679232e-06
4.2024399366272057e-06
3.8174495619476628e-06
1.5617923128582361e-05
6.1220491722989519e-06
3.1962156806341291e-05
4.1329316123806098e-06
5.9218201306353524e-06
6.2451600009992258e-06
4.8513074273516714e-05
8.9895720963682136e-06
6.5890911007735592e-06
4.1353756575247296e-06
6.9878760350791375e-06
1.1202724502599032e-05
3.8416177820803895e-06
5.7494394296556087e-05
4.4752941387072664e-06
2.1193624957612752e-05
5.449591280653951e-06
4.5913682277318639e-05
4.8833370772250923e-06
4.2124951029744429e-06
4.0823491469931453e-06
1.2993087677355647e-05
8.469336766237836e-06
0.00027005130974885227
4.368739050847754e-06
4.1883413330652792e-06
1.8816799638717448e-05
0.00010507512871703268
5.6042816711967945e-06
4.2961231784437727e-06
1.9251501617126135e-05
5.6369468041330097e-06
5.5782092832558888e-06
1.5909380170548555e-05
1.9597468007133477e-05
4.2109341115139571e-06
1.6964103956029043e-05
7.3653431145089897e-06
4.5094811841897592e-06
5.9797883154936318e-05
5.4842601733026214e-05
0.00010049241282283188
6.1064973131411824e-06
7.0258763024218196e-06
5.6062296423786114e-06
4.7683306551209483e-06
3.1719850282306667e-05
8.1149070843138849e-06
1.737257218303742e-05
1.4499898500710495e-05
7.6407035559834356e-06
4.8125511333557918e-05
4.7380789932529756e-06
7.6218931258145901e-06
3.3396787229068564e-05
0.0001486767766874814
4.3379995748760414e-06
2.6741542987030352e-05
8.5215168299957388e-05
6.1553234314697062e-06
4.8122963797094335e-06
1.8596001859600188e-05
0.00029655990510083039
2.1970778864110734e-05
4.8711816025213234e-06
1.0058540706914241e-05
6.9971171877186601e-06
1.2191999609856012e-05
7.0339811629984451e-06
3.955915280118361e-06
1.5240649861310086e-05
5.9320777102180036e-06
3.8707929319321065e-06
1.1665072440099854e-05
3.9438863845210347e-06
1.6864259574683372e-05
7.0397747272087295e-06
9.4284475118327023e-06
3.9039015592182824e-06
4.405790971653141e-06
4.3068547900838977e-06
4.8728669025134248e-06
5.1733592691078026e-06
1.8029387902280717e-05
6.1932543074083707e-06
3.4274746366876883e-05
7.9100156618310109e-06
7.4704357505173279e-06
4.0554131654933005e-06
7.6054881202275558e-06
2.1152381758185973e-05
5.9905349547714607e-06
6.4647927387447961e-06
1.8462447382024961e-05
1.2721675190189045e-05
4.4030557206701451e-06
1.5607198039735925e-05
4.6952765517889002e-06
3.9267735272635886e-06
3.4525618008562354e-05
1.1190689346463742e-05
2.2353861629596513e-05
5.8929949968472475e-06
4.240990016709501e-06
4.4242893485233936e-06
4.4163954263808962e-06
0.0002256317689530686
5.4739630945408167e-06
5.7615966536646639e-06
2.3713540431586436e-05
3.9571049819951722e-06
5.2796916660067056e-06
4.1221984508778219e-06
1.1588694070065244e-05
4.0928085261387218e-06
4.4845663648553506e-06
1.7323516673884798e-05
0.00010388531061707874
4.1948244256236653e-06
3.8392137290282949e-06
6.128014216992983e-06
6.0614142491726173e-06
4.289967482046486e-06
1.2562814070351759e-05
8.3988443190217021e-06
4.4481611301887802e-06
6.9721393312323955e-06
6.2006659515231932e-06
5.3693581469271167e-06
4.443595224023853e-06
4.2502188862726426e-06
4.4685547800130483e-06
5.7312830623391658e-06
5.8224163027656479e-06
4.106152247913048e-06
5.511737244462082e-06
0.00027218290691344586
9.6596891512031144e-06
6.3918184723553857e-05
6.650749206898157e-06
2.367256113438913e-05
7.2370944513196838e-06
0.00015363343063450608
5.9056280635445578e-05
5.4281154668722116e-06
0.00078864353312302837
1.8841617364434563e-05
2.3914291180409413e-05
5.4818250091820572e-06
6.0009601536245796e-06
5.6221467605190365e-06
6.5351361595618843e-06
6.6280472447207604e-06
6.4732879771622401e-06
1.3651318034756256e-05
3.8420310512949562e-06
1.209804253671756e-05
6.6985069028113637e-06
5.4699807456677754e-06
4.9019607843137256e-06
1.0853874290427969e-05
1.4898910889613969e-05
1.0128018149408524e-05
6.5299725741151888e-06
1.5554760534461574e-05
0.00010818998160770312
4.624790728219548e-06
7.6285797110294004e-06
3.9163161563706716e-06
4.345370008256203e-05
0.00055370985603543741
4.1148876635667845e-06
4.0661976985321028e-06
8.152683455759463e-06
3.9430621820906112e-06
5.3213001000404417e-06
8.5692005792779595e-06
4.3784754148605455e-05
4.8384677540316537e-06
7.2111571022686298e-06
3.1033733668497658e-05
5.1070175528193287e-06
9.3102934604498736e-06
7.5602933393815679e-06
5.3459069063771323e-06
1.3948363159583224e-05
5.62284223429259e-06
0.00065487884741322858
3.9832385322562654e-06
4.1929424392861934e-06
7.4361605615788458e-06
4.24358158285593e-06
9.3842963185405549e-06
7.0030953681527235e-06
1.9690078169610334e-05
4.0659662362163742e-06
3.5409510994653166e-05
7.0560177247165249e-06
5.3579656875877366e-06
5.8277775187654437e-06
6.2077485116922946e-06
4.806583096208567e-06
1.9637491899534592e-05
3.856358363670019e-06
5.3882503812187141e-06
5.2075467767889222e-06
1.0804036387994555e-05
3.9648869610727402e-06
0.00014100394811054711
4.2418535203142365e-06
2.7740790057700843e-05
4.5176708696064655e-06
1.0222753805420104e-05
1.0766580534022394e-05
2.2166559528295615e-05
6.4692677435841034e-06
9.8783969337455914e-06
1.1220322247654953e-05
5.2101786049225768e-06
2.1291545127429897e-05
3.982207496903834e-06
6.7735533383457628e-06
4.1509449626207402e-06
3.9271282089546374e-06
1.4168319637291018e-05
8.0875395278494419e-06
5.7667133770450206e-06
6.8932239608464883e-06
9.8352594049668062e-06
8.6230684326710817e-06
0.00051020408163265311
0.00013131976362442549
4.6129929559597566e-06
1.5459773668913486e-05
8.9822241783510431e-06
1.9507246942239042e-05
5.4673191000792759e-06
9.2316497881336377e-06
1.6313745962347873e-05
4.1894818867750623e-06
9.3427383566123228e-06
1.1164078461143426e-05
1.2245297805642633e-05
8.1228169929331493e-06
7.6655960384199667e-06
6.8245410496144138e-06
6.6983274276413178e-06
5.0382656274404102e-06
6.6427527567423942e-06
7.9671117626438056e-06
5.0538998418129345e-06
0.0002007226013649137
2.5063284794105115e-05
5.4051132371223176e-05
1.4989582240342961e-05
4.4798251076277984e-06
5.4285869388198252e-05
4.2491353009662531e-06
7.7145612343297969e-06
4.8319916503184281e-06
8.0693316979487761e-06
1.7298643786327151e-05
1.5810526648642667e-05
5.2395523326486986e-06
2.7782408179140969e-05
5.4063113278441254e-06
6.352675111489448e-06
4.0244687701223438e-05
5.0804747195577951e-06
5.6617447232539177e-06
3.1001023033760117e-05
4.3811993971469627e-06
3.9124702163204781e-06
1.0502436565283146e-05
8.1203764606527159e-06
1.3285329011172962e-05
8.8888888888888883e-06
0.0070921985815602835
7.1931061270877989e-06
5.2018039856222137e-06
5.9175099118291027e-06
4.0269321220321506e-06
6.8707744736986755e-06
3.9486205494110631e-06
3.855064977120189e-06
4.4395116537180911e-05
4.9834052604825932e-06
1.6762773233203703e-05
6.3534419771911433e-06
4.9997500124993749e-05
1.3518811426099418e-05
6.0557614514449046e-06
8.8129020886577955e-06
1.683728448275862e-05
3.0927197377373665e-05
3.4010135020236028e-05
3.9867798380570032e-06
5.1489593953062087e-06
4.1251913057468044e-06
5.9126465597265992e-06
9.1295853342341192e-06
5.2265718914963679e-06
8.7922136156220053e-06
4.7991553486586358e-06
5.666749778996759e-06
3.1472272927550825e-05
1.7284590787313109e-05
7.1750423327497628e-06
6.4670085558523192e-06
5.519098841541153e-06
8.7952294675368075e-06
4.3334503364924187e-06
1.3000689036518935e-05
8.218682709535316e-06
4.0946519750553798e-06
3.3341112926349483e-05
6.9553121196313688e-06
6.2931473918050637e-06
4.0583427351606697e-06
8.8509674107379942e-06
5.8651714389611606e-06
1.2705350222978896e-05
4.7302570894728129e-06
5.0797005008584691e-06
4.2635741542134771e-06
6.0341290338152592e-06
1.9380596147137485e-05
5.3594301853826899e-06
9.5950873152945686e-05
1.6378943230582762e-05
4.4829781320326717e-06
6.0516569436711773e-06
3.8528221922558273e-05
5.2089301899175945e-06
9.4088424301158229e-06
5.1236595225774055e-06
4.2743627993656848e-06
5.7084467887132587e-06
4.542894005197071e-06
1.1167444665311684e-05
1.0712831829965933e-05
1.2681343207872578e-05
1.4384556739884061e-05
4.9107954015311856e-06
4.0045812409396351e-06
7.4143824190164083e-06
4.3156650008199763e-06
7.3438154058559587e-06
4.2454191926910859e-06
6.0337649486526601e-06
4.904773816355459e-06
6.7983738289801081e-06
1.1175556822118662e-05
4.9031144583039148e-06
4.4859544765339725e-06
4.6663555762949134e-05
0.00034758428919012862
5.5432065232454369e-06
2.4912184549463142e-05
5.9141851731377711e-06
8.4996430149933709e-06
8.05879698278641e-06
2.0776630446074254e-05
2.2902686485124705e-05
1.1711384637005633e-05
5.3742059610692518e-06
9.1187627662678721e-06
5.417382212567243e-06
1.8764542520453351e-05
4.9211145340196645e-06
6.1318469736269259e-06
8.6742305957461573e-06
4.8950022027509913e-05
4.3254653119309311e-06
1.0520114458845313e-05
4.8183018377003208e-06
1.5708944673096861e-05
4.974678884478007e-06
5.4907645340537217e-06
4.677618530853572e-06
3.9086470999792844e-06
8.5731676997333749e-06
4.6193643754619364e-06
6.5956534643669821e-06
1.383489437058148e-05
7.1782871171281113e-06
1.2460438109003912e-05
4.5066766414443e-06
4.6926325668700142e-05
1.94344572927801e-05
2.2107753189043398e-05
1.2896735836159869e-05
1.0560665744368525e-05
5.5407494417694941e-06
4.8080159241487408e-06
6.6959054538149921e-06
3.9033529802100002e-05
1.1653653420347279e-05
8.5658974490757391e-06
4.6784063476617329e-06
8.888730867006808e-06
4.9105542542586783e-06
5.3955475941253277e-06
4.1798331410610084e-06
4.7534391131983988e-06
6.2665672371331704e-06
4.0329573272785198e-06
5.6324383388812849e-06
9.0353825580975091e-06
4.2774343948499687e-06
4.3164473911391967e-06
6.0375900355614049e-06
7.1255522302978477e-05
4.8463935562351277e-06
4.4124395495781708e-06
4.0568115894993491e-06
5.7892817238165259e-06
1.8295583446156097e-05
1.2624987375012626e-05
4.3591028966238752e-06
7.8471993345574963e-06
4.1806544396459821e-06
5.2774625959838506e-06
1.0176666938044451e-05
3.9299525261734838e-06
2.443195699975568e-05
3.0279173984133713e-05
1.3114066147349647e-05
1.0169319164081966e-05
7.9216077695128999e-06
0.0005717552887364208
4.6647012725305068e-06
1.6613779468691332e-05
3.9993121183156495e-06
4.8085707965878378e-06
4.139981038886842e-06
5.0013003380879026e-06
7.1002556092019311e-05
4.1471921435592034e-06
4.0010882960165167e-06
6.9398660605850308e-06
2.0123153700647967e-05
4.3161679334619547e-06
5.8877904888632443e-06
3.9229070310262715e-06
1.4090460758066789e-05
4.1872715319970356e-06
5.0012002880691364e-06
1.2348270624699011e-05
2.2881724366748279e-05
6.7435430575224225e-06
5.9298264339802772e-06
5.6260056485096709e-06
5.4433025605295244e-06
6.5342394145321485e-06
4.1438925240034972e-06
3.9972498920742532e-06
5.1639022576580674e-06
5.5179415870703591e-06
5.6785917092561044e-05
2.1492896597674469e-05
4.0441131866398675e-06
1.6663611671193614e-05
2.2382380589999552e-05
4.3002984407117851e-06
4.6007048279796466e-06
4.7216805405379881e-06
6.1667488899851997e-06
8.3605049745004594e-05
3.682698681593872e-05
7.2370420761626304e-06
2.7312703138229592e-05
4.5266278885544215e-06
1.4217066166225937e-05
4.1137704351546368e-06
1.4993178103962697e-05
6.7488223305033273e-06
1.3269991241805781e-05
4.0727888829154651e-06
7.7540417942852709e-06
4.1419873255187839e-06
4.5113528193699448e-06
2.0146667741155612e-05
1.3417955908596884e-05
4.9923367630686894e-06
4.2683967901656137e-06
6.7735074576317111e-06
4.6843234431651035e-06
1.134262672549709e-05
1.9181340392066599e-05
2.1724490017596836e-05
4.6790192775594237e-06
0.00032030749519538755
2.1151934344395796e-05
6.3771036470655761e-06
3.9381397015677733e-06
4.8945709419112322e-06
1.3388852441457243e-05
5.8766491346634152e-06
6.0081711127132904e-06
1.2873657921161719e-05
4.3295853556104934e-06
4.3748742223661072e-06
4.7854216913594426e-06
6.0525360125892751e-05
7.6377856531834287e-06
7.2451167912826751e-06
1.2928415364128819e-05
1.6345745202523783e-05
1.5483950884907794e-05
0.0001006947940791461
1.3143540606968706e-05
5.7375638303976136e-06
5.3081655510672065e-06
2.2173932325158542e-05
5.7184356647395537e-06
5.4868480252833958e-06
3.8470268253180532e-06
8.2764328574384439e-06
6.9202715514556795e-06
1.5226494099733536e-05
2.1667533368001388e-05
2.6585845695751581e-05
1.319853232320566e-05
4.2015570970601701e-06
5.9218551987966789e-06
3.9015711627072219e-06
4.7720168929398009e-06
1.6909315341821808e-05
3.1949902552797211e-05
2.5911434716140231e-05
1.1411356582070477e-05
7.1709261968275825e-06
2.3865209297885544e-05
2.7895559027002901e-05
8.5365749553963958e-06
5.1193316200636844e-06
7.2334300201812694e-06
6.6628022413666737e-06
2.3436767601012467e-05
7.8885505577205238e-06
6.9961870780424668e-06
9.6152921606523014e-06
7.9137089179585789e-06
8.1137219265221349e-06
1.7669717637912145e-05
6.8500657606313023e-06
1.3167250414768389e-05
7.0299758168831902e-06
7.2934140471154541e-05
6.2313060817547353e-05
1.3267350377456119e-05
7.133176403452457e-05
8.4406705268666548e-06
2.4434941967012827e-05
4.9488046162449464e-06
4.9286090972266719e-06
4.6375521144918864e-06
4.6023775882620963e-06
7.9846056802484805e-06
4.4075580805966072e-06
6.8193752088433655e-06
9.3436113057696798e-06
9.8945243702135243e-06
2.9322073657049025e-05
4.1640641265875492e-05
9.1061411816128793e-06
1.0914170959573911e-05
4.604835998765904e-06
6.2196790645602685e-06
6.7873917411017295e-06
4.2481785934280676e-06
1.2129886828155894e-05
9.6044872164275148e-06
7.3160382189836562e-06
4.0067473625585485e-06
1.6265981326653436e-05
4.9735902358476491e-06
6.6732509409283825e-06
5.4489083112198472e-06
1.3437428613660491e-05
6.1816158743895652e-05
5.7184683654330023e-06
1.4556888319552812e-05
8.7683917015940929e-06
4.3984658151236851e-06
5.7132410073586541e-06
6.185248183083346e-06
1.3775622658144149e-05
4.7418085257717294e-05
7.0668880958270029e-06
1.3062504082032525e-05
4.4772176778462788e-06
3.8461686391101507e-06
3.4984606773019873e-05
3.9916494693102028e-06
4.6213710683685635e-06
4.9303100672001262e-06
5.0692458989800679e-06
4.9255260461817321e-06
7.8226449927249408e-06
1.22697881007595e-05
3.4200896063476861e-05
1.1850587789154341e-05
3.8958104454469663e-06
4.9977510120445803e-05
8.0917278266428225e-06
1.1219063432584649e-05
2.6748696001069948e-05
4.1631106762973291e-06
6.6247101689301095e-05
1.7873739901336956e-05
4.8675775526793582e-06
4.8648306795681977e-06
7.2126654405135421e-06
3.8834951456310678e-05
5.6129321957790747e-06
4.9183794923248684e-06
1.0305347444789101e-05
1.0079730669596509e-05
5.1786907234113069e-06
2.0308692120227456e-05
0.00021427040925648167
6.3961111644120374e-06
4.0980583399585274e-06
